%% Const
    Const.c       = 299792458;%% meters per second
    Const.m_e     = 9.1093837015E-31;
    Const.h_bar   = 1.054*10^-34;
    Const.e_0     = 8.8541878128*10^-12;
%% Metrics
    Const.um = 10^-6;%% micrometers
